3 
zp.copy:  4.002353 
p.e:  0.8292437 
shape.e:  3.81208 
u.v:  16.84362 
var.v:  16.15161 
111671.8 2604.837 193.3886 24.31781 4.229884
0.9277257 0.2439163 0.07454725 0.02595589 0.01015301
0.004417107 0.002121323 0.001118165 0.0006439923 0.0004038036
0.0002748565 0.0002026003 0.0001613947 0.0001387044 0.0001283956
0.0001278159 0.0001365867 0.0001562825 0.0001906222 0.0002457076
0.000328739 0.000440693 0.000558596 0.0006288991 0.00061657
0.0005476812 0.0004669242 0.0003978434 0.0003457788 0.0003091864
0.0002852772 0.0002717428 0.0002670483 0.0002703293 0.000281194
