22 
zp.copy:  1.431888 
p.e:  0.3410557 
shape.e:  2.894612 
u.v:  61.8485 
var.v:  61.52056 
1.412838e+14 5.685366e+12 548155851058 77738797251 13825979639
2864815992 664185660 168097087 45695369 13193179
4013018 1278234 424379.8 146328.1 52248.17
19273.69 7331.121 2870.711 1155.673 477.7581
202.6198 88.08213 39.21982 17.87537 8.334695
3.973670 1.936278 0.9639285 0.4900811 0.2543887
0.1347748 0.07285955 0.04018163 0.02260151 0.01296372
0.007580981 0.004519097 0.002745626 0.001699938 0.001072431
